Y Angle (deg),Tan Shift,Sag Shift,Real Height,Ref. Height,Distortion,Wavelength
0.00000000,0.30097016,0.30097016,0.00000000,0.00000000,0.00000000,
0.00000000,0.30097016,0.30097016,0.00000000,0.00000000,0.00000000,
0.11358870,0.30096088,0.30094080,0.20786305,0.20786335,-0.00014775,
0.11358870,0.30096088,0.30094080,0.20786305,0.20786335,-0.00014775,
0.22717741,0.30094451,0.30085272,0.41572747,0.41572834,-0.00021079,
0.22717741,0.30094451,0.30085272,0.41572747,0.41572834,-0.00021079,
0.34076611,0.30092085,0.30070595,0.62359463,0.62359660,-0.00031588,
0.34076611,0.30092085,0.30070595,0.62359463,0.62359660,-0.00031588,
0.45435481,0.30088958,0.30050048,0.83146591,0.83146976,-0.00046307,
0.45435481,0.30088958,0.30050048,0.83146591,0.83146976,-0.00046307,
0.56794351,0.30085026,0.30023635,1.03934267,1.03934945,-0.00065242,
0.56794351,0.30085026,0.30023635,1.03934267,1.03934945,-0.00065242,
0.68153222,0.30080232,0.29991359,1.24722629,1.24723732,-0.00088400,
0.68153222,0.30080232,0.29991359,1.24722629,1.24723732,-0.00088400,
0.79512092,0.30074505,0.29953223,1.45511814,1.45513499,-0.00115790,
0.79512092,0.30074505,0.29953223,1.45511814,1.45513499,-0.00115790,
0.90870962,0.30067763,0.29909232,1.66301958,1.66304410,-0.00147425,
0.90870962,0.30067763,0.29909232,1.66301958,1.66304410,-0.00147425,
1.02229833,0.30059909,0.29859391,1.87093199,1.87096629,-0.00183316,
1.02229833,0.30059909,0.29859391,1.87093199,1.87096629,-0.00183316,
1.13588703,0.30050836,0.29803706,2.07885673,2.07890319,-0.00223479,
1.13588703,0.30050836,0.29803706,2.07885673,2.07890319,-0.00223479,
1.24947573,0.30040419,0.29742183,2.28679516,2.28685643,-0.00267932,
1.24947573,0.30040419,0.29742183,2.28679516,2.28685643,-0.00267932,
1.36306443,0.30028526,0.29674828,2.49474866,2.49482767,-0.00316689,
1.36306443,0.30028526,0.29674828,2.49474866,2.49482767,-0.00316689,
1.47665314,0.30015006,0.29601650,2.70271858,2.70281852,-0.00369772,
1.47665314,0.30015006,0.29601650,2.70271858,2.70281852,-0.00369772,
1.59024184,0.29999698,0.29522658,2.91070628,2.91083063,-0.00427203,
1.59024184,0.29999698,0.29522658,2.91070628,2.91083063,-0.00427203,
1.70383054,0.29982426,0.29437860,3.11871313,3.11886564,-0.00489005,
1.70383054,0.29982426,0.29437860,3.11871313,3.11886564,-0.00489005,
1.81741924,0.29963001,0.29347265,3.32674048,3.32692519,-0.00555204,
1.81741924,0.29963001,0.29347265,3.32674048,3.32692519,-0.00555204,
1.93100795,0.29941221,0.29250884,3.53478969,3.53501092,-0.00625826,
1.93100795,0.29941221,0.29250884,3.53478969,3.53501092,-0.00625826,
2.04459665,0.29916868,0.29148728,3.74286211,3.74312447,-0.00700901,
2.04459665,0.29916868,0.29148728,3.74286211,3.74312447,-0.00700901,
2.15818535,0.29889712,0.29040809,3.95095910,3.95126748,-0.00780460,
2.15818535,0.29889712,0.29040809,3.95095910,3.95126748,-0.00780460,
2.27177406,0.29859506,0.28927138,4.15908199,4.15944159,-0.00864535,
2.27177406,0.29859506,0.28927138,4.15908199,4.15944159,-0.00864535,
2.38536276,0.29825991,0.28807729,4.36723214,4.36764844,-0.00953161,
2.38536276,0.29825991,0.28807729,4.36723214,4.36764844,-0.00953161,
2.49895146,0.29788892,0.28682594,4.57541089,4.57588969,-0.01046375,
2.49895146,0.29788892,0.28682594,4.57541089,4.57588969,-0.01046375,
2.61254016,0.29747921,0.28551747,4.78361957,4.78416698,-0.01144215,
2.61254016,0.29747921,0.28551747,4.78361957,4.78416698,-0.01144215,
2.72612887,0.29702772,0.28415204,4.99185953,4.99248196,-0.01246722,
2.72612887,0.29702772,0.28415204,4.99185953,4.99248196,-0.01246722,
2.83971757,0.29653125,0.28272978,5.20013210,5.20083626,-0.01353937,
2.83971757,0.29653125,0.28272978,5.20013210,5.20083626,-0.01353937,
2.95330627,0.29598645,0.28125086,5.40843861,5.40923155,-0.01465906,
2.95330627,0.29598645,0.28125086,5.40843861,5.40923155,-0.01465906,
3.06689498,0.29538981,0.27971544,5.61678037,5.61766947,-0.01582676,
3.06689498,0.29538981,0.27971544,5.61678037,5.61766947,-0.01582676,
3.18048368,0.29473765,0.27812368,5.82515873,5.82615168,-0.01704294,
3.18048368,0.29473765,0.27812368,5.82515873,5.82615168,-0.01704294,
3.29407238,0.29402613,0.27647576,6.03357498,6.03467982,-0.01830811,
3.29407238,0.29402613,0.27647576,6.03357498,6.03467982,-0.01830811,
3.40766108,0.29325125,0.27477185,6.24203046,6.24325556,-0.01962281,
3.40766108,0.29325125,0.27477185,6.24203046,6.24325556,-0.01962281,
3.52124979,0.29240882,0.27301214,6.45052645,6.45188054,-0.02098758,
3.52124979,0.29240882,0.27301214,6.45052645,6.45188054,-0.02098758,
3.63483849,0.29149451,0.27119680,6.65906428,6.66055644,-0.02240300,
3.63483849,0.29149451,0.27119680,6.65906428,6.66055644,-0.02240300,
3.74842719,0.29050379,0.26932604,6.86764523,6.86928490,-0.02386967,
3.74842719,0.29050379,0.26932604,6.86764523,6.86928490,-0.02386967,
3.86201590,0.28943195,0.26740005,7.07627060,7.07806759,-0.02538819,
3.86201590,0.28943195,0.26740005,7.07627060,7.07806759,-0.02538819,
3.97560460,0.28827410,0.26541903,7.28494168,7.28690618,-0.02695921,
3.97560460,0.28827410,0.26541903,7.28494168,7.28690618,-0.02695921,
4.08919330,0.28702518,0.26338317,7.49365976,7.49580232,-0.02858340,
4.08919330,0.28702518,0.26338317,7.49365976,7.49580232,-0.02858340,
4.20278200,0.28567990,0.26129270,7.70242611,7.70475768,-0.03026144,
4.20278200,0.28567990,0.26129270,7.70242611,7.70475768,-0.03026144,
4.31637071,0.28423282,0.25914781,7.91124199,7.91377393,-0.03199404,
4.31637071,0.28423282,0.25914781,7.91124199,7.91377393,-0.03199404,
4.42995941,0.28267827,0.25694874,8.12010869,8.12285274,-0.03378195,
4.42995941,0.28267827,0.25694874,8.12010869,8.12285274,-0.03378195,
4.54354811,0.28101039,0.25469568,8.32902744,8.33199579,-0.03562593,
4.54354811,0.28101039,0.25469568,8.32902744,8.33199579,-0.03562593,
4.65713682,0.27922310,0.25238888,8.53799951,8.54120475,-0.03752677,
4.65713682,0.27922310,0.25238888,8.53799951,8.54120475,-0.03752677,
4.77072552,0.27731012,0.25002854,8.74702614,8.75048129,-0.03948528,
4.77072552,0.27731012,0.25002854,8.74702614,8.75048129,-0.03948528,
4.88431422,0.27526496,0.24761490,8.95610856,8.95982709,-0.04150231,
4.88431422,0.27526496,0.24761490,8.95610856,8.95982709,-0.04150231,
4.99790292,0.27308089,0.24514818,9.16524800,9.16924384,-0.04357873,
4.99790292,0.27308089,0.24514818,9.16524800,9.16924384,-0.04357873,
5.11149163,0.27075095,0.24262862,9.37444569,9.37873321,-0.04571543,
5.11149163,0.27075095,0.24262862,9.37444569,9.37873321,-0.04571543,
5.22508033,0.26826797,0.24005644,9.58370283,9.58829690,-0.04791334,
5.22508033,0.26826797,0.24005644,9.58370283,9.58829690,-0.04791334,
5.33866903,0.26562452,0.23743189,9.79302063,9.79793659,-0.05017343,
5.33866903,0.26562452,0.23743189,9.79302063,9.79793659,-0.05017343,
5.45225773,0.26281294,0.23475520,10.00240028,10.00765397,-0.05249667,
5.45225773,0.26281294,0.23475520,10.00240028,10.00765397,-0.05249667,
5.56584644,0.25982532,0.23202660,10.21184297,10.21745073,-0.05488408,
5.56584644,0.25982532,0.23202660,10.21184297,10.21745073,-0.05488408,
5.67943514,0.25665348,0.22924633,10.42134988,10.42732857,-0.05733672,
5.67943514,0.25665348,0.22924633,10.42134988,10.42732857,-0.05733672,
5.79302384,0.25328899,0.22641463,10.63092216,10.63728918,-0.05985566,
5.79302384,0.25328899,0.22641463,10.63092216,10.63728918,-0.05985566,
5.90661255,0.24972316,0.22353174,10.84056098,10.84733427,-0.06244202,
5.90661255,0.24972316,0.22353174,10.84056098,10.84733427,-0.06244202,
6.02020125,0.24594701,0.22059789,11.05026747,11.05746554,-0.06509694,
6.02020125,0.24594701,0.22059789,11.05026747,11.05746554,-0.06509694,
6.13378995,0.24195128,0.21761331,11.26004277,11.26768470,-0.06782161,
6.13378995,0.24195128,0.21761331,11.26004277,11.26768470,-0.06782161,
6.24737865,0.23772644,0.21457824,11.46988800,11.47799345,-0.07061724,
6.24737865,0.23772644,0.21457824,11.46988800,11.47799345,-0.07061724,
6.36096736,0.23326263,0.21149291,11.67980427,11.68839350,-0.07348509,
6.36096736,0.23326263,0.21149291,11.67980427,11.68839350,-0.07348509,
6.47455606,0.22854973,0.20835756,11.88979268,11.89888657,-0.07642644,
6.47455606,0.22854973,0.20835756,11.88979268,11.89888657,-0.07642644,
6.58814476,0.22357727,0.20517240,12.09985430,12.10947439,-0.07944263,
6.58814476,0.22357727,0.20517240,12.09985430,12.10947439,-0.07944263,
6.70173347,0.21833449,0.20193766,12.30999021,12.32015865,-0.08253502,
6.70173347,0.21833449,0.20193766,12.30999021,12.32015865,-0.08253502,
6.81532217,0.21281027,0.19865357,12.52020146,12.53094110,-0.08570501,
6.81532217,0.21281027,0.19865357,12.52020146,12.53094110,-0.08570501,
6.92891087,0.20699320,0.19532033,12.73048909,12.74182346,-0.08895407,
6.92891087,0.20699320,0.19532033,12.73048909,12.74182346,-0.08895407,
7.04249957,0.20087149,0.19193816,12.94085413,12.95280746,-0.09228366,
7.04249957,0.20087149,0.19193816,12.94085413,12.95280746,-0.09228366,
7.15608828,0.19443301,0.18850727,13.15129759,13.16389482,-0.09569534,
7.15608828,0.19443301,0.18850727,13.15129759,13.16389482,-0.09569534,
7.26967698,0.18766526,0.18502785,13.36182046,13.37508729,-0.09919067,
7.26967698,0.18766526,0.18502785,13.36182046,13.37508729,-0.09919067,
7.38326568,0.18055539,0.18150009,13.57242371,13.58638662,-0.10277128,
7.38326568,0.18055539,0.18150009,13.57242371,13.58638662,-0.10277128,
7.49685439,0.17309014,0.17792419,13.78310831,13.79779453,-0.10643884,
7.49685439,0.17309014,0.17792419,13.78310831,13.79779453,-0.10643884,
7.61044309,0.16525588,0.17430032,13.99387520,14.00931277,-0.11019506,
7.61044309,0.16525588,0.17430032,13.99387520,14.00931277,-0.11019506,
7.72403179,0.15703857,0.17062864,14.20472530,14.22094311,-0.11404170,
7.72403179,0.15703857,0.17062864,14.20472530,14.22094311,-0.11404170,
7.83762049,0.14842376,0.16690933,14.41565952,14.43268729,-0.11798060,
7.83762049,0.14842376,0.16690933,14.41565952,14.43268729,-0.11798060,
7.95120920,0.13939657,0.16314252,14.62667872,14.64454706,-0.12201361,
7.95120920,0.13939657,0.16314252,14.62667872,14.64454706,-0.12201361,
8.06479790,0.12994170,0.15932836,14.83778379,14.85652420,-0.12614265,
8.06479790,0.12994170,0.15932836,14.83778379,14.85652420,-0.12614265,
8.17838660,0.12004339,0.15546697,15.04897555,15.06862047,-0.13036972,
8.17838660,0.12004339,0.15546697,15.04897555,15.06862047,-0.13036972,
8.29197531,0.10968544,0.15155847,15.26025482,15.28083762,-0.13469682,
8.29197531,0.10968544,0.15155847,15.26025482,15.28083762,-0.13469682,
8.40556401,0.09885116,0.14760295,15.47162240,15.49317745,-0.13912607,
8.40556401,0.09885116,0.14760295,15.47162240,15.49317745,-0.13912607,
8.51915271,0.08752338,0.14360051,15.68307906,15.70564172,-0.14365961,
8.51915271,0.08752338,0.14360051,15.68307906,15.70564172,-0.14365961,
8.63274141,0.07568446,0.13955121,15.89462554,15.91823222,-0.14829966,
8.63274141,0.07568446,0.13955121,15.89462554,15.91823222,-0.14829966,
8.74633012,0.06331623,0.13545510,16.10626255,16.13095073,-0.15304848,
8.74633012,0.06331623,0.13545510,16.10626255,16.13095073,-0.15304848,
8.85991882,0.05040000,0.13131222,16.31799080,16.34379904,-0.15790843,
8.85991882,0.05040000,0.13131222,16.31799080,16.34379904,-0.15790843,
8.97350752,0.03691654,0.12712260,16.52981094,16.55677894,-0.16288192,
8.97350752,0.03691654,0.12712260,16.52981094,16.55677894,-0.16288192,
9.08709622,0.02284608,0.12288621,16.74172361,16.76989224,-0.16797141,
9.08709622,0.02284608,0.12288621,16.74172361,16.76989224,-0.16797141,
9.20068493,0.00816829,0.11860305,16.95372941,16.98314073,-0.17317947,
9.20068493,0.00816829,0.11860305,16.95372941,16.98314073,-0.17317947,
9.31427363,-0.00713776,0.11427305,17.16582892,17.19652621,-0.17850871,
9.31427363,-0.00713776,0.11427305,17.16582892,17.19652621,-0.17850871,
9.42786233,-0.02309358,0.10989616,17.37802267,17.41005051,-0.18396184,
9.42786233,-0.02309358,0.10989616,17.37802267,17.41005051,-0.18396184,
9.54145104,-0.03972129,0.10547226,17.59031116,17.62371544,-0.18954163,
9.54145104,-0.03972129,0.10547226,17.59031116,17.62371544,-0.18954163,
9.65503974,-0.05704364,0.10100125,17.80269488,17.83752282,-0.19525095,
9.65503974,-0.05704364,0.10100125,17.80269488,17.83752282,-0.19525095,
9.76862844,-0.07508404,0.09648296,18.01517426,18.05147446,-0.20109273,
9.76862844,-0.07508404,0.09648296,18.01517426,18.05147446,-0.20109273,
9.88221714,-0.09386654,0.09191721,18.22774969,18.26557221,-0.20706999,
9.88221714,-0.09386654,0.09191721,18.22774969,18.26557221,-0.20706999,
9.99580585,-0.11341588,0.08730379,18.44042153,18.47981789,-0.21318587,
9.99580585,-0.11341588,0.08730379,18.44042153,18.47981789,-0.21318587,
10.10939455,-0.13375750,0.08264245,18.65319011,18.69421335,-0.21944356,
10.10939455,-0.13375750,0.08264245,18.65319011,18.69421335,-0.21944356,
10.22298325,-0.15491754,0.07793290,18.86605568,18.90876043,-0.22584637,
10.22298325,-0.15491754,0.07793290,18.86605568,18.90876043,-0.22584637,
10.33657196,-0.17692291,0.07317483,19.07901850,19.12346098,-0.23239769,
10.33657196,-0.17692291,0.07317483,19.07901850,19.12346098,-0.23239769,
10.45016066,-0.19980123,0.06836787,19.29207873,19.33831685,-0.23910103,
10.45016066,-0.19980123,0.06836787,19.29207873,19.33831685,-0.23910103,
10.56374936,-0.22358093,0.06351162,19.50523653,19.55332990,-0.24595999,
10.56374936,-0.22358093,0.06351162,19.50523653,19.55332990,-0.24595999,
10.67733806,-0.24829123,0.05860563,19.71849198,19.76850200,-0.25297828,
10.67733806,-0.24829123,0.05860563,19.71849198,19.76850200,-0.25297828,
10.79092677,-0.27396214,0.05364942,19.93184512,19.98383501,-0.26015973,
10.79092677,-0.27396214,0.05364942,19.93184512,19.98383501,-0.26015973,
10.90451547,-0.30062455,0.04864244,20.14529594,20.19933082,-0.26750826,
10.90451547,-0.30062455,0.04864244,20.14529594,20.19933082,-0.26750826,
11.01810417,-0.32831018,0.04358409,20.35884436,20.41499130,-0.27502794,
11.01810417,-0.32831018,0.04358409,20.35884436,20.41499130,-0.27502794,
11.13169288,-0.35705165,0.03847374,20.57249027,20.63081833,-0.28272295,
11.13169288,-0.35705165,0.03847374,20.57249027,20.63081833,-0.28272295,
11.24528158,-0.38688247,0.03331067,20.78623348,20.84681382,-0.29059759,
11.24528158,-0.38688247,0.03331067,20.78623348,20.84681382,-0.29059759,
11.35887028,-0.41783709,0.02809414,21.00007374,21.06297965,-0.29865629,
11.35887028,-0.41783709,0.02809414,21.00007374,21.06297965,-0.29865629,
0.00000000,0.19322870,0.19322870,0.00000000,0.00000000,0.00000000,
0.00000000,0.19322870,0.19322870,0.00000000,0.00000000,0.00000000,
0.11358870,0.19323375,0.19320257,0.20782591,0.20782595,-0.00001984,
0.11358870,0.19323375,0.19320257,0.20782591,0.20782595,-0.00001984,
0.22717741,0.19326054,0.19312418,0.41565321,0.41565354,-0.00007942,
0.22717741,0.19326054,0.19312418,0.41565321,0.41565354,-0.00007942,
0.34076611,0.19330887,0.19299356,0.62348328,0.62348440,-0.00017875,
0.34076611,0.19330887,0.19299356,0.62348328,0.62348440,-0.00017875,
0.45435481,0.19337847,0.19281072,0.83131751,0.83132016,-0.00031787,
0.45435481,0.19337847,0.19281072,0.83131751,0.83132016,-0.00031787,
0.56794351,0.19346894,0.19257568,1.03915728,1.03916245,-0.00049683,
0.56794351,0.19346894,0.19257568,1.03915728,1.03916245,-0.00049683,
0.68153222,0.19357975,0.19228849,1.24700398,1.24701291,-0.00071570,
0.68153222,0.19357975,0.19228849,1.24700398,1.24701291,-0.00071570,
0.79512092,0.19371028,0.19194920,1.45485899,1.45487317,-0.00097458,
0.79512092,0.19371028,0.19194920,1.45485899,1.45487317,-0.00097458,
0.90870962,0.19385978,0.19155785,1.66272370,1.66274488,-0.00127357,
0.90870962,0.19385978,0.19155785,1.66272370,1.66274488,-0.00127357,
1.02229833,0.19402738,0.19111451,1.87059948,1.87062965,-0.00161279,
1.02229833,0.19402738,0.19111451,1.87059948,1.87062965,-0.00161279,
1.13588703,0.19421211,0.19061924,2.07848773,2.07852914,-0.00199238,
1.13588703,0.19421211,0.19061924,2.07848773,2.07852914,-0.00199238,
1.24947573,0.19441285,0.19007214,2.28638981,2.28644497,-0.00241250,
1.24947573,0.19441285,0.19007214,2.28638981,2.28644497,-0.00241250,
1.36306443,0.19462840,0.18947328,2.49430711,2.49437878,-0.00287329,
1.36306443,0.19462840,0.18947328,2.49430711,2.49437878,-0.00287329,
1.47665314,0.19485740,0.18882275,2.70224101,2.70233221,-0.00337496,
1.47665314,0.19485740,0.18882275,2.70224101,2.70233221,-0.00337496,
1.59024184,0.19509841,0.18812067,2.91019288,2.91030690,-0.00391771,
1.59024184,0.19509841,0.18812067,2.91019288,2.91030690,-0.00391771,
1.70383054,0.19534982,0.18736715,3.11816410,3.11830448,-0.00450176,
1.70383054,0.19534982,0.18736715,3.11816410,3.11830448,-0.00450176,
1.81741924,0.19560995,0.18656229,3.32615604,3.32632659,-0.00512735,
1.81741924,0.19560995,0.18656229,3.32615604,3.32632659,-0.00512735,
1.93100795,0.19587695,0.18570624,3.53417007,3.53437488,-0.00579473,
1.93100795,0.19587695,0.18570624,3.53417007,3.53437488,-0.00579473,
2.04459665,0.19614887,0.18479912,3.74220757,3.74245098,-0.00650416,
2.04459665,0.19614887,0.18479912,3.74220757,3.74245098,-0.00650416,
2.15818535,0.19642362,0.18384108,3.95026989,3.95055654,-0.00725595,
2.15818535,0.19642362,0.18384108,3.95026989,3.95055654,-0.00725595,
2.27177406,0.19669899,0.18283226,4.15835840,4.15869319,-0.00805040,
2.27177406,0.19669899,0.18283226,4.15835840,4.15869319,-0.00805040,
2.38536276,0.19697262,0.18177284,4.36647447,4.36686259,-0.00888782,
2.38536276,0.19697262,0.18177284,4.36647447,4.36686259,-0.00888782,
2.49895146,0.19724204,0.18066296,4.57461945,4.57506637,-0.00976857,
2.49895146,0.19724204,0.18066296,4.57461945,4.57506637,-0.00976857,
2.61254016,0.19750464,0.17950282,4.78279470,4.78330618,-0.01069300,
2.61254016,0.19750464,0.17950282,4.78279470,4.78330618,-0.01069300,
2.72612887,0.19775765,0.17829257,4.99100158,4.99158367,-0.01166150,
2.72612887,0.19775765,0.17829257,4.99100158,4.99158367,-0.01166150,
2.83971757,0.19799819,0.17703243,5.19924143,5.19990049,-0.01267445,
2.83971757,0.19799819,0.17703243,5.19924143,5.19990049,-0.01267445,
2.95330627,0.19822322,0.17572258,5.40751561,5.40825828,-0.01373227,
2.95330627,0.19822322,0.17572258,5.40751561,5.40825828,-0.01373227,
3.06689498,0.19842957,0.17436322,5.61582545,5.61665870,-0.01483541,
3.06689498,0.19842957,0.17436322,5.61582545,5.61665870,-0.01483541,
3.18048368,0.19861392,0.17295457,5.82417229,5.82510340,-0.01598430,
3.18048368,0.19861392,0.17295457,5.82417229,5.82510340,-0.01598430,
3.29407238,0.19877278,0.17149683,6.03255748,6.03359402,-0.01717944,
3.29407238,0.19877278,0.17149683,6.03255748,6.03359402,-0.01717944,
3.40766108,0.19890254,0.16999025,6.24098235,6.24213223,-0.01842131,
3.40766108,0.19890254,0.16999025,6.24098235,6.24213223,-0.01842131,
3.52124979,0.19899941,0.16843504,6.44944822,6.45071968,-0.01971043,
3.52124979,0.19899941,0.16843504,6.44944822,6.45071968,-0.01971043,
3.63483849,0.19905946,0.16683145,6.65795641,6.65935803,-0.02104733,
3.63483849,0.19905946,0.16683145,6.65795641,6.65935803,-0.02104733,
3.74842719,0.19907859,0.16517972,6.86650826,6.86804894,-0.02243256,
3.74842719,0.19907859,0.16517972,6.86650826,6.86804894,-0.02243256,
3.86201590,0.19905253,0.16348010,7.07510506,7.07679406,-0.02386671,
3.86201590,0.19905253,0.16348010,7.07510506,7.07679406,-0.02386671,
3.97560460,0.19897687,0.16173285,7.28374814,7.28559507,-0.02535038,
3.97560460,0.19897687,0.16173285,7.28374814,7.28559507,-0.02535038,
4.08919330,0.19884699,0.15993823,7.49243880,7.49445362,-0.02688418,
4.08919330,0.19884699,0.15993823,7.49243880,7.49445362,-0.02688418,
4.20278200,0.19865812,0.15809651,7.70117833,7.70337139,-0.02846876,
4.20278200,0.19865812,0.15809651,7.70117833,7.70337139,-0.02846876,
4.31637071,0.19840532,0.15620796,7.90996804,7.91235003,-0.03010478,
4.31637071,0.19840532,0.15620796,7.90996804,7.91235003,-0.03010478,
4.42995941,0.19808344,0.15427287,8.11880920,8.12139123,-0.03179294,
4.42995941,0.19808344,0.15427287,8.11880920,8.12139123,-0.03179294,
4.54354811,0.19768716,0.15229153,8.32770310,8.33049664,-0.03353394,
4.54354811,0.19768716,0.15229153,8.32770310,8.33049664,-0.03353394,
4.65713682,0.19721098,0.15026421,8.53665102,8.53966796,-0.03532853,
4.65713682,0.19721098,0.15026421,8.53665102,8.53966796,-0.03532853,
4.77072552,0.19664918,0.14819123,8.74565422,8.74890684,-0.03717746,
4.77072552,0.19664918,0.14819123,8.74565422,8.74890684,-0.03717746,
4.88431422,0.19599587,0.14607288,8.95471397,8.95821498,-0.03908152,
4.88431422,0.19599587,0.14607288,8.95471397,8.95821498,-0.03908152,
4.99790292,0.19524492,0.14390947,9.16383153,9.16759405,-0.04104153,
4.99790292,0.19524492,0.14390947,9.16383153,9.16759405,-0.04104153,
5.11149163,0.19439003,0.14170131,9.37300813,9.37704573,-0.04305832,
5.11149163,0.19439003,0.14170131,9.37300813,9.37704573,-0.04305832,
5.22508033,0.19342466,0.13944872,9.58224503,9.58657171,-0.04513276,
5.22508033,0.19342466,0.13944872,9.58224503,9.58657171,-0.04513276,
5.33866903,0.19234207,0.13715201,9.79154345,9.79617368,-0.04726575,
5.33866903,0.19234207,0.13715201,9.79154345,9.79617368,-0.04726575,
5.45225773,0.19113527,0.13481151,10.00090461,10.00585332,-0.04945819,
5.45225773,0.19113527,0.13481151,10.00090461,10.00585332,-0.04945819,
5.56584644,0.18979707,0.13242754,10.21032974,10.21561234,-0.05171105,
5.56584644,0.18979707,0.13242754,10.21032974,10.21561234,-0.05171105,
5.67943514,0.18832003,0.13000044,10.41982003,10.42545241,-0.05402529,
5.67943514,0.18832003,0.13000044,10.41982003,10.42545241,-0.05402529,
5.79302384,0.18669646,0.12753053,10.62937669,10.63537525,-0.05640194,
5.79302384,0.18669646,0.12753053,10.62937669,10.63537525,-0.05640194,
5.90661255,0.18491844,0.12501816,10.83900091,10.84538255,-0.05884202,
5.90661255,0.18491844,0.12501816,10.83900091,10.84538255,-0.05884202,
6.02020125,0.18297780,0.12246366,11.04869385,11.05547601,-0.06134661,
6.02020125,0.18297780,0.12246366,11.04869385,11.05547601,-0.06134661,
6.13378995,0.18086608,0.11986737,11.25845669,11.26565734,-0.06391680,
6.13378995,0.18086608,0.11986737,11.25845669,11.26565734,-0.06391680,
6.24737865,0.17857459,0.11722963,11.46829059,11.47592825,-0.06655374,
6.24737865,0.17857459,0.11722963,11.46829059,11.47592825,-0.06655374,
6.36096736,0.17609434,0.11455078,11.67819669,11.68629045,-0.06925859,
6.36096736,0.17609434,0.11455078,11.67819669,11.68629045,-0.06925859,
6.47455606,0.17341607,0.11183117,11.88817612,11.89674565,-0.07203255,
6.47455606,0.17341607,0.11183117,11.88817612,11.89674565,-0.07203255,
6.58814476,0.17053025,0.10907115,12.09823001,12.10729557,-0.07487686,
6.58814476,0.17053025,0.10907115,12.09823001,12.10729557,-0.07487686,
6.70173347,0.16742702,0.10627106,12.30835946,12.31794193,-0.07779279,
6.70173347,0.16742702,0.10627106,12.30835946,12.31794193,-0.07779279,
6.81532217,0.16409624,0.10343123,12.51856557,12.52868645,-0.08078166,
6.81532217,0.16409624,0.10343123,12.51856557,12.52868645,-0.08078166,
6.92891087,0.16052746,0.10055203,12.72884943,12.73953087,-0.08384481,
6.92891087,0.16052746,0.10055203,12.72884943,12.73953087,-0.08384481,
7.04249957,0.15670991,0.09763378,12.93921211,12.95047690,-0.08698363,
7.04249957,0.15670991,0.09763378,12.93921211,12.95047690,-0.08698363,
7.15608828,0.15263247,0.09467683,13.14965465,13.16152629,-0.09019955,
7.15608828,0.15263247,0.09467683,13.14965465,13.16152629,-0.09019955,
7.26967698,0.14828372,0.09168152,13.36017810,13.37268076,-0.09349403,
7.26967698,0.14828372,0.09168152,13.36017810,13.37268076,-0.09349403,
7.38326568,0.14365188,0.08864819,13.57078349,13.58394206,-0.09686859,
7.38326568,0.14365188,0.08864819,13.57078349,13.58394206,-0.09686859,
7.49685439,0.13872480,0.08557717,13.78147182,13.79531194,-0.10032477,
7.49685439,0.13872480,0.08557717,13.78147182,13.79531194,-0.10032477,
7.61044309,0.13348998,0.08246878,13.99224409,14.00679213,-0.10386418,
7.61044309,0.13348998,0.08246878,13.99224409,14.00679213,-0.10386418,
7.72403179,0.12793456,0.07932335,14.20310126,14.21838438,-0.10748846,
7.72403179,0.12793456,0.07932335,14.20310126,14.21838438,-0.10748846,
7.83762049,0.12204528,0.07614121,14.41404430,14.43009046,-0.11119930,
7.83762049,0.12204528,0.07614121,14.41404430,14.43009046,-0.11119930,
7.95120920,0.11580848,0.07292267,14.62507415,14.64191212,-0.11499843,
7.95120920,0.11580848,0.07292267,14.62507415,14.64191212,-0.11499843,
8.06479790,0.10921012,0.06966802,14.83619172,14.85385112,-0.11888765,
8.06479790,0.10921012,0.06966802,14.83619172,14.85385112,-0.11888765,
8.17838660,0.10223571,0.06637759,15.04739792,15.06590922,-0.12286878,
8.17838660,0.10223571,0.06637759,15.04739792,15.06590922,-0.12286878,
8.29197531,0.09487037,0.06305165,15.25869362,15.27808820,-0.12694373,
8.29197531,0.09487037,0.06305165,15.25869362,15.27808820,-0.12694373,
8.40556401,0.08709877,0.05969050,15.47007968,15.49038982,-0.13111444,
8.40556401,0.08709877,0.05969050,15.47007968,15.49038982,-0.13111444,
8.51915271,0.07890510,0.05629440,15.68155693,15.70281586,-0.13538289,
8.51915271,0.07890510,0.05629440,15.68155693,15.70281586,-0.13538289,
8.63274141,0.07027313,0.05286363,15.89312620,15.91536811,-0.13975116,
8.63274141,0.07027313,0.05286363,15.89312620,15.91536811,-0.13975116,
8.74633012,0.06118614,0.04939844,16.10478825,16.12804834,-0.14422135,
8.74633012,0.06118614,0.04939844,16.10478825,16.12804834,-0.14422135,
8.85991882,0.05162691,0.04589907,16.31654387,16.34085835,-0.14879564,
8.85991882,0.05162691,0.04589907,16.31654387,16.34085835,-0.14879564,
8.97350752,0.04157774,0.04236574,16.52839378,16.55379994,-0.15347626,
8.97350752,0.04157774,0.04236574,16.52839378,16.55379994,-0.15347626,
9.08709622,0.03102038,0.03879868,16.74033870,16.76687489,-0.15826552,
9.08709622,0.03102038,0.03879868,16.74033870,16.76687489,-0.15826552,
9.20068493,0.01993610,0.03519808,16.95237932,16.98008501,-0.16316579,
9.20068493,0.01993610,0.03519808,16.95237932,16.98008501,-0.16316579,
9.31427363,0.00830559,0.03156413,17.16451628,17.19343210,-0.16817948,
9.31427363,0.00830559,0.03156413,17.16451628,17.19343210,-0.16817948,
9.42786233,-0.00389102,0.02789699,17.37675021,17.40691798,-0.17330912,
9.42786233,-0.00389102,0.02789699,17.37675021,17.40691798,-0.17330912,
9.54145104,-0.01667415,0.02419682,17.58908170,17.62054447,-0.17855727,
9.54145104,-0.01667415,0.02419682,17.58908170,17.62054447,-0.17855727,
9.65503974,-0.03006482,0.02046373,17.80151133,17.83431337,-0.18392659,
9.65503974,-0.03006482,0.02046373,17.80151133,17.83431337,-0.18392659,
9.76862844,-0.04408466,0.01669783,18.01403961,18.04822652,-0.18941980,
9.76862844,-0.04408466,0.01669783,18.01403961,18.04822652,-0.18941980,
9.88221714,-0.05875592,0.01289922,18.22666704,18.26228575,-0.19503970,
9.88221714,-0.05875592,0.01289922,18.22666704,18.26228575,-0.19503970,
9.99580585,-0.07410149,0.00906795,18.43939408,18.47649288,-0.20078919,
9.99580585,-0.07410149,0.00906795,18.43939408,18.47649288,-0.20078919,
10.10939455,-0.09014492,0.00520405,18.65222116,18.69084977,-0.20667123,
10.10939455,-0.09014492,0.00520405,18.65222116,18.69084977,-0.20667123,
10.22298325,-0.10691042,0.00130754,18.86514865,18.90535824,-0.21268888,
10.22298325,-0.10691042,0.00130754,18.86514865,18.90535824,-0.21268888,
10.33657196,-0.12442291,-0.00262161,19.07817690,19.12002016,-0.21884528,
10.33657196,-0.12442291,-0.00262161,19.07817690,19.12002016,-0.21884528,
10.45016066,-0.14270801,-0.00658346,19.29130620,19.33483737,-0.22514368,
10.45016066,-0.14270801,-0.00658346,19.29130620,19.33483737,-0.22514368,
10.56374936,-0.16179208,-0.01057807,19.50453683,19.54981173,-0.23158741,
10.56374936,-0.16179208,-0.01057807,19.50453683,19.54981173,-0.23158741,
10.67733806,-0.18170223,-0.01460558,19.71786899,19.76494512,-0.23817990,
10.67733806,-0.18170223,-0.01460558,19.71786899,19.76494512,-0.23817990,
10.79092677,-0.20246634,-0.01866613,19.93130285,19.98023939,-0.24492469,
10.79092677,-0.20246634,-0.01866613,19.93130285,19.98023939,-0.24492469,
10.90451547,-0.22411308,-0.02275992,20.14483853,20.19569642,-0.25182541,
10.90451547,-0.22411308,-0.02275992,20.14483853,20.19569642,-0.25182541,
11.01810417,-0.24667194,-0.02688718,20.35847609,20.41131810,-0.25888581,
11.01810417,-0.24667194,-0.02688718,20.35847609,20.41131810,-0.25888581,
11.13169288,-0.27017324,-0.03104819,20.57221556,20.62710630,-0.26610975,
11.13169288,-0.27017324,-0.03104819,20.57221556,20.62710630,-0.26610975,
11.24528158,-0.29464817,-0.03524326,20.78605689,20.84306292,-0.27350120,
11.24528158,-0.29464817,-0.03524326,20.78605689,20.84306292,-0.27350120,
11.35887028,-0.32012878,-0.03947277,21.00000000,21.05918986,-0.28106427,
11.35887028,-0.32012878,-0.03947277,21.00000000,21.05918986,-0.28106427,
0.00000000,0.24908321,0.24908321,0.00000000,0.00000000,0.00000000,
0.00000000,0.24908321,0.24908321,0.00000000,0.00000000,0.00000000,
0.11358870,0.24909423,0.24905843,0.20782436,0.20782421,0.00006991,
0.11358870,0.24909423,0.24905843,0.20782436,0.20782421,0.00006991,
0.22717741,0.24913891,0.24898410,0.41565011,0.41565006,0.00001189,
0.22717741,0.24913891,0.24898410,0.41565011,0.41565006,0.00001189,
0.34076611,0.24921708,0.24886022,0.62347864,0.62347917,-0.00008482,
0.34076611,0.24921708,0.24886022,0.62347864,0.62347917,-0.00008482,
0.45435481,0.24932848,0.24868682,0.83131135,0.83131318,-0.00022028,
0.45435481,0.24932848,0.24868682,0.83131135,0.83131318,-0.00022028,
0.56794351,0.24947272,0.24846394,1.03914963,1.03915373,-0.00039453,
0.56794351,0.24947272,0.24846394,1.03914963,1.03915373,-0.00039453,
0.68153222,0.24964930,0.24819161,1.24699487,1.24700245,-0.00060765,
0.68153222,0.24964930,0.24819161,1.24699487,1.24700245,-0.00060765,
0.79512092,0.24985762,0.24786988,1.45484846,1.45486097,-0.00085972,
0.79512092,0.24985762,0.24786988,1.45484846,1.45486097,-0.00085972,
0.90870962,0.25009696,0.24749880,1.66271179,1.66273093,-0.00115085,
0.90870962,0.25009696,0.24749880,1.66271179,1.66273093,-0.00115085,
1.02229833,0.25036650,0.24707846,1.87058626,1.87061396,-0.00148114,
1.02229833,0.25036650,0.24707846,1.87058626,1.87061396,-0.00148114,
1.13588703,0.25066528,0.24660891,2.07847324,2.07851171,-0.00185074,
1.13588703,0.25066528,0.24660891,2.07847324,2.07851171,-0.00185074,
1.24947573,0.25099226,0.24609026,2.28637412,2.28642579,-0.00225980,
1.24947573,0.25099226,0.24609026,2.28637412,2.28642579,-0.00225980,
1.36306443,0.25134626,0.24552258,2.49429030,2.49435786,-0.00270847,
1.36306443,0.25134626,0.24552258,2.49429030,2.49435786,-0.00270847,
1.47665314,0.25172601,0.24490598,2.70222316,2.70230955,-0.00319693,
1.47665314,0.25172601,0.24490598,2.70222316,2.70230955,-0.00319693,
1.59024184,0.25213009,0.24424057,2.91017407,2.91028249,-0.00372539,
1.59024184,0.25213009,0.24424057,2.91017407,2.91028249,-0.00372539,
1.70383054,0.25255700,0.24352648,3.11814442,3.11827832,-0.00429406,
1.70383054,0.25255700,0.24352648,3.11814442,3.11827832,-0.00429406,
1.81741924,0.25300510,0.24276382,3.32613560,3.32629869,-0.00490317,
1.81741924,0.25300510,0.24276382,3.32613560,3.32629869,-0.00490317,
1.93100795,0.25347262,0.24195275,3.53414898,3.53434524,-0.00555296,
1.93100795,0.25347262,0.24195275,3.53414898,3.53434524,-0.00555296,
2.04459665,0.25395769,0.24109339,3.74218593,3.74241959,-0.00624371,
2.04459665,0.25395769,0.24109339,3.74218593,3.74241959,-0.00624371,
2.15818535,0.25445831,0.24018591,3.95024783,3.95052340,-0.00697568,
2.15818535,0.25445831,0.24018591,3.95024783,3.95052340,-0.00697568,
2.27177406,0.25497236,0.23923047,4.15833605,4.15865831,-0.00774918,
2.27177406,0.25497236,0.23923047,4.15833605,4.15865831,-0.00774918,
2.38536276,0.25549757,0.23822723,4.36645197,4.36682596,-0.00856453,
2.38536276,0.25549757,0.23822723,4.36645197,4.36682596,-0.00856453,
2.49895146,0.25603159,0.23717639,4.57459694,4.57502800,-0.00942205,
2.49895146,0.25603159,0.23717639,4.57459694,4.57502800,-0.00942205,
2.61254016,0.25657189,0.23607811,4.78277233,4.78326607,-0.01032209,
2.61254016,0.25657189,0.23607811,4.78277233,4.78326607,-0.01032209,
2.72612887,0.25711583,0.23493261,4.99097951,4.99154181,-0.01126502,
2.72612887,0.25711583,0.23493261,4.99097951,4.99154181,-0.01126502,
2.83971757,0.25766064,0.23374008,5.19921983,5.19985688,-0.01225123,
2.83971757,0.25766064,0.23374008,5.19921983,5.19985688,-0.01225123,
2.95330627,0.25820341,0.23250074,5.40749465,5.40821292,-0.01328113,
2.95330627,0.25820341,0.23250074,5.40749465,5.40821292,-0.01328113,
3.06689498,0.25874109,0.23121480,5.61580532,5.61661159,-0.01435512,
3.06689498,0.25874109,0.23121480,5.61580532,5.61661159,-0.01435512,
3.18048368,0.25927049,0.22988250,5.82415319,5.82505454,-0.01547366,
3.18048368,0.25927049,0.22988250,5.82415319,5.82505454,-0.01547366,
3.29407238,0.25978827,0.22850406,6.03253960,6.03354342,-0.01663721,
3.29407238,0.25978827,0.22850406,6.03253960,6.03354342,-0.01663721,
3.40766108,0.26029096,0.22707973,6.24096590,6.24207988,-0.01784624,
3.40766108,0.26029096,0.22707973,6.24096590,6.24207988,-0.01784624,
3.52124979,0.26077493,0.22560976,6.44943342,6.45066558,-0.01910126,
3.52124979,0.26077493,0.22560976,6.44943342,6.45066558,-0.01910126,
3.63483849,0.26123639,0.22409441,6.65794349,6.65930218,-0.02040278,
3.63483849,0.26123639,0.22409441,6.65794349,6.65930218,-0.02040278,
3.74842719,0.26167142,0.22253394,6.86649745,6.86799133,-0.02175135,
3.74842719,0.26167142,0.22253394,6.86649745,6.86799133,-0.02175135,
3.86201590,0.26207591,0.22092863,7.07509662,7.07673471,-0.02314752,
3.86201590,0.26207591,0.22092863,7.07509662,7.07673471,-0.02314752,
3.97560460,0.26244562,0.21927876,7.28374231,7.28553396,-0.02459188,
3.97560460,0.26244562,0.21927876,7.28374231,7.28553396,-0.02459188,
4.08919330,0.26277612,0.21758461,7.49243585,7.49439076,-0.02608502,
4.08919330,0.26277612,0.21758461,7.49243585,7.49439076,-0.02608502,
4.20278200,0.26306283,0.21584647,7.70117854,7.70330678,-0.02762758,
4.20278200,0.26306283,0.21584647,7.70117854,7.70330678,-0.02762758,
4.31637071,0.26330098,0.21406465,7.90997168,7.91228367,-0.02922020,
4.31637071,0.26330098,0.21406465,7.90997168,7.91228367,-0.02922020,
4.42995941,0.26348565,0.21223946,8.11881658,8.12132311,-0.03086355,
4.42995941,0.26348565,0.21223946,8.11881658,8.12132311,-0.03086355,
4.54354811,0.26361171,0.21037119,8.32771453,8.33042678,-0.03255831,
4.54354811,0.26361171,0.21037119,8.32771453,8.33042678,-0.03255831,
4.65713682,0.26367388,0.20846019,8.53666681,8.53959633,-0.03430522,
4.65713682,0.26367388,0.20846019,8.53666681,8.53959633,-0.03430522,
4.77072552,0.26366666,0.20650676,8.74567470,8.74883347,-0.03610500,
4.77072552,0.26366666,0.20650676,8.74567470,8.74883347,-0.03610500,
4.88431422,0.26358437,0.20451125,8.95473948,8.95813985,-0.03795842,
4.88431422,0.26358437,0.20451125,8.95473948,8.95813985,-0.03795842,
4.99790292,0.26342115,0.20247398,9.16386241,9.16751716,-0.03986626,
4.99790292,0.26342115,0.20247398,9.16386241,9.16751716,-0.03986626,
5.11149163,0.26317091,0.20039531,9.37304476,9.37696709,-0.04182935,
5.11149163,0.26317091,0.20039531,9.37304476,9.37696709,-0.04182935,
5.22508033,0.26282737,0.19827557,9.58228777,9.58649131,-0.04384852,
5.22508033,0.26282737,0.19827557,9.58228777,9.58649131,-0.04384852,
5.33866903,0.26238404,0.19611513,9.79159270,9.79609152,-0.04592464,
5.33866903,0.26238404,0.19611513,9.79159270,9.79609152,-0.04592464,
5.45225773,0.26183420,0.19391433,10.00096077,10.00576940,-0.04805860,
5.45225773,0.26183420,0.19391433,10.00096077,10.00576940,-0.04805860,
5.56584644,0.26117092,0.19167354,10.21039322,10.21552666,-0.05025132,
5.56584644,0.26117092,0.19167354,10.21039322,10.21552666,-0.05025132,
5.67943514,0.26038705,0.18939313,10.41989127,10.42536497,-0.05250376,
5.67943514,0.26038705,0.18939313,10.41989127,10.42536497,-0.05250376,
5.79302384,0.25947518,0.18707347,10.62945612,10.63528605,-0.05481688,
5.79302384,0.25947518,0.18707347,10.62945612,10.63528605,-0.05481688,
5.90661255,0.25842769,0.18471492,10.83908898,10.84529159,-0.05719170,
5.90661255,0.25842769,0.18471492,10.83908898,10.84529159,-0.05719170,
6.02020125,0.25723669,0.18231788,11.04879105,11.05538329,-0.05962925,
6.02020125,0.25723669,0.18231788,11.04879105,11.05538329,-0.05962925,
6.13378995,0.25589407,0.17988271,11.25856349,11.26556286,-0.06213061,
6.13378995,0.25589407,0.17988271,11.25856349,11.26556286,-0.06213061,
6.24737865,0.25439142,0.17740981,11.46840750,11.47583200,-0.06469687,
6.24737865,0.25439142,0.17740981,11.46840750,11.47583200,-0.06469687,
6.36096736,0.25272011,0.17489956,11.67832422,11.68619243,-0.06732916,
6.36096736,0.25272011,0.17489956,11.67832422,11.68619243,-0.06732916,
6.47455606,0.25087120,0.17235235,11.88831481,11.89664587,-0.07002866,
6.47455606,0.25087120,0.17235235,11.88831481,11.89664587,-0.07002866,
6.58814476,0.24883550,0.16976856,12.09838040,12.10719402,-0.07279656,
6.58814476,0.24883550,0.16976856,12.09838040,12.10719402,-0.07279656,
6.70173347,0.24660351,0.16714859,12.30852213,12.31783862,-0.07563410,
6.70173347,0.24660351,0.16714859,12.30852213,12.31783862,-0.07563410,
6.81532217,0.24416546,0.16449284,12.51874111,12.52858138,-0.07854255,
6.81532217,0.24416546,0.16449284,12.51874111,12.52858138,-0.07854255,
6.92891087,0.24151126,0.16180170,12.72903843,12.73942402,-0.08152321,
6.92891087,0.24151126,0.16180170,12.72903843,12.73942402,-0.08152321,
7.04249957,0.23863052,0.15907555,12.93941520,12.95036828,-0.08457743,
7.04249957,0.23863052,0.15907555,12.93941520,12.95036828,-0.08457743,
7.15608828,0.23551254,0.15631480,13.14987247,13.16141590,-0.08770659,
7.15608828,0.23551254,0.15631480,13.14987247,13.16141590,-0.08770659,
7.26967698,0.23214627,0.15351984,13.36041132,13.37256860,-0.09091213,
7.26967698,0.23214627,0.15351984,13.36041132,13.37256860,-0.09091213,
7.38326568,0.22852035,0.15069106,13.57103278,13.58382813,-0.09419549,
7.38326568,0.22852035,0.15069106,13.57103278,13.58382813,-0.09419549,
7.49685439,0.22462306,0.14782885,13.78173789,13.79519623,-0.09755819,
7.49685439,0.22462306,0.14782885,13.78173789,13.79519623,-0.09755819,
7.61044309,0.22044234,0.14493359,13.99252766,14.00667465,-0.10100178,
7.61044309,0.22044234,0.14493359,13.99252766,14.00667465,-0.10100178,
7.72403179,0.21596575,0.14200568,14.20340309,14.21826513,-0.10452784,
7.72403179,0.21596575,0.14200568,14.20340309,14.21826513,-0.10452784,
7.83762049,0.21118049,0.13904550,14.41436516,14.42996944,-0.10813801,
7.83762049,0.21118049,0.13904550,14.41436516,14.42996944,-0.10813801,
7.95120920,0.20607339,0.13605342,14.62541482,14.64178932,-0.11183399,
7.95120920,0.20607339,0.13605342,14.62541482,14.64178932,-0.11183399,
8.06479790,0.20063085,0.13302982,14.83655303,14.85372654,-0.11561749,
8.06479790,0.20063085,0.13302982,14.83655303,14.85372654,-0.11561749,
8.17838660,0.19483891,0.12997507,15.04778071,15.06578286,-0.11949030,
8.17838660,0.19483891,0.12997507,15.04778071,15.06578286,-0.11949030,
8.29197531,0.18868315,0.12688952,15.25909877,15.27796006,-0.12345426,
8.29197531,0.18868315,0.12688952,15.25909877,15.27796006,-0.12345426,
8.40556401,0.18214877,0.12377354,15.47050808,15.49025990,-0.12751124,
8.40556401,0.18214877,0.12377354,15.47050808,15.49025990,-0.12751124,
8.51915271,0.17522049,0.12062748,15.68200951,15.70268416,-0.13166318,
8.51915271,0.17522049,0.12062748,15.68200951,15.70268416,-0.13166318,
8.63274141,0.16788260,0.11745167,15.89360390,15.91523463,-0.13591207,
8.63274141,0.16788260,0.11745167,15.89360390,15.91523463,-0.13591207,
8.74633012,0.16011894,0.11424644,16.10529207,16.12791308,-0.14025996,
8.74633012,0.16011894,0.11424644,16.10529207,16.12791308,-0.14025996,
8.85991882,0.15191285,0.11101213,16.31707482,16.34072130,-0.14470895,
8.85991882,0.15191285,0.11101213,16.31707482,16.34072130,-0.14470895,
8.97350752,0.14324720,0.10774903,16.52895290,16.55366110,-0.14926122,
8.97350752,0.14324720,0.10774903,16.52895290,16.55366110,-0.14926122,
9.08709622,0.13410435,0.10445746,16.74092708,16.76673426,-0.15391898,
9.08709622,0.13410435,0.10445746,16.74092708,16.76673426,-0.15391898,
9.20068493,0.12446614,0.10113768,16.95299805,16.97994259,-0.15868454,
9.20068493,0.12446614,0.10113768,16.95299805,16.97994259,-0.15868454,
9.31427363,0.11431388,0.09778999,17.16516652,17.19328790,-0.16356024,
9.31427363,0.11431388,0.09778999,17.16516652,17.19328790,-0.16356024,
9.42786233,0.10362836,0.09441463,17.37743314,17.40677199,-0.16854850,
9.42786233,0.10362836,0.09441463,17.37743314,17.40677199,-0.16854850,
9.54145104,0.09238978,0.09101185,17.58979854,17.62039668,-0.17365183,
9.54145104,0.09238978,0.09101185,17.58979854,17.62039668,-0.17365183,
9.65503974,0.08057778,0.08758188,17.80226333,17.83416379,-0.17887278,
9.65503974,0.08057778,0.08758188,17.80226333,17.83416379,-0.17887278,
9.76862844,0.06817140,0.08412492,18.01482807,18.04807515,-0.18421399,
9.76862844,0.06817140,0.08412492,18.01482807,18.04807515,-0.18421399,
9.88221714,0.05514909,0.08064115,18.22749330,18.26213258,-0.18967819,
9.88221714,0.05514909,0.08064115,18.22749330,18.26213258,-0.18967819,
9.99580585,0.04148866,0.07713075,18.44025952,18.47633792,-0.19526815,
9.99580585,0.04148866,0.07713075,18.44025952,18.47633792,-0.19526815,
10.10939455,0.02716728,0.07359385,18.65312719,18.69069301,-0.20098675,
10.10939455,0.02716728,0.07359385,18.65312719,18.69069301,-0.20098675,
10.22298325,0.01216147,0.07003059,18.86609674,18.90519968,-0.20683695,
10.22298325,0.01216147,0.07003059,18.86609674,18.90519968,-0.20683695,
10.33657196,-0.00355293,0.06644105,19.07916857,19.11985980,-0.21282180,
10.33657196,-0.00355293,0.06644105,19.07916857,19.11985980,-0.21282180,
10.45016066,-0.02000079,0.06282529,19.29234302,19.33467521,-0.21894442,
10.45016066,-0.02000079,0.06282529,19.29234302,19.33467521,-0.21894442,
10.56374936,-0.03720766,0.05918337,19.50562039,19.54964777,-0.22520804,
10.56374936,-0.03720766,0.05918337,19.50562039,19.54964777,-0.22520804,
10.67733806,-0.05519986,0.05551528,19.71900096,19.76477935,-0.23161597,
10.67733806,-0.05519986,0.05551528,19.71900096,19.76477935,-0.23161597,
10.79092677,-0.07400446,0.05182100,19.93248495,19.98007181,-0.23817164,
10.79092677,-0.07400446,0.05182100,19.93248495,19.98007181,-0.23817164,
10.90451547,-0.09364928,0.04810048,20.14607252,20.19552704,-0.24487855,
10.90451547,-0.09364928,0.04810048,20.14607252,20.19552704,-0.24487855,
11.01810417,-0.11416295,0.04435362,20.35976382,20.41114691,-0.25174034,
11.01810417,-0.11416295,0.04435362,20.35976382,20.41114691,-0.25174034,
11.13169288,-0.13557494,0.04058028,20.57355890,20.62693330,-0.25876072,
11.13169288,-0.13557494,0.04058028,20.57355890,20.62693330,-0.25876072,
11.24528158,-0.15791553,0.03678029,20.78745779,20.84288811,-0.26594355,
11.24528158,-0.15791553,0.03678029,20.78745779,20.84288811,-0.26594355,
11.35887028,-0.18121587,0.03295343,21.00146047,21.05901324,-0.27329278,
11.35887028,-0.18121587,0.03295343,21.00146047,21.05901324,-0.27329278,
